site_int_num	arodes_int_num	prot_site_cd	prot_site_state	a_year
146	1704000053	9170	C	2023
1	1704000074	9170	C	2023
2	1704000080	9170	B	2023
1266	1704000088	9170	B	2023
4	1704000103	9170	B	2023
5	1704000141	9170	C	2023
6	1704000145	9170	C	2023
10	1704000173	9170	C	2023
1210	1704000175	9170	B	2023
11	1704000259	9170	C	2023
13	1704000299	9170	C	2023
14	1704000312	9170	C	2023
15	1704000321	9170	B	2023
17	1704000329	9170	B	2023
21	1704000346	9170	B	2023
23	1704000428	9170	C	2023
24	1704000432	9170	C	2023
26	1704000444	9170	C	2023
27	1704000449	9170	C	2023
29	1704000453	9170	C	2023
30	1704000457	9170	B	2023
33	1704000477	9170	C	2023
34	1704000486	9170	C	2023
35	1704000490	9170	B	2023
36	1704000492	9170	C	2023
37	1704000497	9170	B	2023
38	1704000499	9170	C	2023
39	1704000501	9170	C	2023
40	1704000503	9170	C	2023
41	1704000505	9170	C	2023
42	1704000508	9170	C	2023
114	1704000510	9170	C	2023
43	1704000512	9170	C	2023
44	1704000516	9170	B	2023
45	1704000518	9170	C	2023
46	1704000520	9170	C	2023
47	1704000522	9170	B	2023
48	1704000525	9170	C	2023
49	1704000531	9170	C	2023
50	1704000533	9170	C	2023
51	1704000535	9170	C	2023
52	1704000537	9170	C	2023
53	1704000539	9170	C	2023
54	1704000541	9170	C	2023
55	1704000546	9170	C	2023
62	1704000574	9170	C	2023
74	1704000576	9170	C	2023
63	1704000578	9170	C	2023
76	1704000584	9170	C	2023
65	1704000593	9170	B	2023
66	1704000595	9170	C	2023
67	1704000597	9170	B	2023
68	1704000599	9170	B	2023
70	1704000603	9170	C	2023
71	1704000608	9170	C	2023
82	1704000662	9170	C	2023
83	1704000667	9170	B	2023
85	1704000673	9170	B	2023
88	1704000690	9170	C	2023
91	1704000699	9170	C	2023
93	1704000705	9170	C	2023
97	1704000716	9170	C	2023
99	1704000725	9170	C	2023
100	1704000727	9170	B	2023
101	1704000729	9170	C	2023
103	1704000742	9170	C	2023
104	1704000751	9170	C	2023
1268	1704000753	91D0	B	2023
106	1704000759	9170	C	2023
111	1704000774	9170	C	2023
112	1704000776	9170	C	2023
113	1704000779	9170	C	2023
115	1704000781	9170	C	2023
117	1704000785	9170	C	2023
119	1704000789	9170	B	2023
118	1704000791	9170	C	2023
152	1704000794	9170	C	2023
120	1704000796	9170	B	2023
123	1704000800	9170	C	2023
124	1704000802	9170	C	2023
122	1704000804	9170	C	2023
126	1704000806	9170	B	2023
127	1704000814	9170	C	2023
129	1704000816	9170	C	2023
130	1704000818	9170	C	2023
1269	1704000845	91D0	C	2023
132	1704000866	9170	C	2023
133	1704000873	9170	C	2023
134	1704000896	9170	C	2023
1435	1704000898	9170	C	2023
136	1704000901	9170	B	2023
137	1704000915	9170	C	2023
138	1704000919	9170	C	2023
139	1704000922	9170	C	2023
140	1704000926	9170	C	2023
141	1704000945	9170	C	2023
143	1704000966	9170	B	2023
144	1704000968	9170	C	2023
145	1704000970	9170	C	2023
147	1704001001	9170	C	2023
272	1704001006	9170	C	2023
273	1704001012	9170	B	2023
274	1704001016	9170	B	2023
276	1704001024	9170	C	2023
277	1704001026	9170	C	2023
319	1704001079	91E0	B	2023
1206	1704001081	91E0	B	2023
321	1704001085	9170	C	2023
341	1704001087	91E0	B	2023
322	1704001089	9170	C	2023
323	1704001091	91E0	C	2023
324	1704001093	9170	C	2023
325	1704001095	9170	C	2023
380	1704001097	9170	B	2023
239	1704001102	9170	C	2023
267	1704001110	9170	C	2023
279	1704001170	9170	B	2023
280	1704001181	9170	C	2023
281	1704001193	9170	C	2023
282	1704001205	9170	C	2023
1436	1704001216	9170	C	2023
283	1704001218	9170	B	2023
285	1704001220	9170	B	2023
286	1704001233	9170	B	2023
287	1704001235	9170	C	2023
292	1704001287	9170	C	2023
1273	1704001299	91D0	C	2023
296	1704001366	91E0	C	2023
297	1704001372	9170	C	2023
298	1704001374	9170	C	2023
301	1704001407	91E0	C	2023
302	1704001409	91E0	B	2023
1211	1704001457	9170	C	2023
306	1704001459	9170	C	2023
308	1704001465	9170	B	2023
307	1704001467	9170	C	2023
310	1704001473	9170	C	2023
311	1704001477	9170	C	2023
312	1704001490	91E0	B	2023
314	1704001496	91E0	B	2023
316	1704001513	9170	C	2023
317	1704001523	9170	A	2023
318	1704001538	9170	B	2023
148	1704001568	9170	C	2023
149	1704001575	9170	B	2023
153	1704001577	9170	C	2023
156	1704001584	9170	B	2023
1270	1704001586	9170	B	2023
158	1704001589	9170	B	2023
159	1704001591	9170	C	2023
162	1704001618	9170	C	2023
167	1704001635	9170	C	2023
168	1704001638	9170	B	2023
169	1704001644	9170	C	2023
170	1704001646	9170	C	2023
171	1704001648	9170	B	2023
174	1704001655	9170	C	2023
175	1704001657	9170	C	2023
179	1704001659	9170	B	2023
176	1704001663	9170	C	2023
182	1704001672	9170	C	2023
183	1704001677	9170	C	2023
184	1704001679	9170	C	2023
185	1704001681	9170	C	2023
186	1704001683	9170	B	2023
187	1704001686	9170	C	2023
188	1704001688	9170	C	2023
189	1704001690	9170	C	2023
190	1704001692	9170	C	2023
194	1704001699	9170	C	2023
196	1704001701	91F0	B	2023
199	1704001705	9170	B	2023
200	1704001707	9170	C	2023
201	1704001710	9170	C	2023
202	1704001712	91F0	B	2023
204	1704001716	91F0	C	2023
206	1704001720	9170	C	2023
205	1704001722	9170	C	2023
207	1704001724	9170	C	2023
208	1704001726	9170	C	2023
209	1704001729	9170	B	2023
210	1704001731	9170	C	2023
211	1704001733	9170	C	2023
1356	1704001740	9170	B	2023
215	1704001745	9170	B	2023
219	1704001749	9170	C	2023
218	1704001751	9170	C	2023
221	1704001758	9170	C	2023
222	1704001760	9170	C	2023
223	1704001762	9170	C	2023
224	1704001765	9170	B	2023
225	1704001767	9170	C	2023
226	1704001769	9170	B	2023
228	1704001774	9170	C	2023
229	1704001776	9170	B	2023
238	1704001794	9170	B	2023
241	1704001803	9170	B	2023
242	1704001805	9170	C	2023
244	1704001812	9170	C	2023
247	1704001814	9170	C	2023
248	1704001816	9170	B	2023
249	1704001837	9170	B	2023
251	1704001839	9170	C	2023
250	1704001841	9170	B	2023
252	1704001849	91E0	B	2023
253	1704001851	91E0	C	2023
254	1704001862	9170	C	2023
255	1704001864	9170	B	2023
256	1704001866	9170	C	2023
257	1704001868	9170	B	2023
259	1704001880	91E0	C	2023
260	1704001885	9170	B	2023
261	1704001887	9170	C	2023
262	1704001889	9170	C	2023
1437	1704001891	9170	C	2023
264	1704001893	9170	B	2023
271	1704001906	9170	C	2023
530	1704001998	9170	B	2023
531	1704002003	9170	B	2023
1279	1704002017	91D0	A	2023
537	1704002032	9170	C	2023
538	1704002036	91D0	A	2023
541	1704002043	9170	C	2023
543	1704002045	9170	C	2023
544	1704002047	9170	C	2023
545	1704002049	9170	C	2023
546	1704002051	9170	C	2023
547	1704002053	9170	B	2023
548	1704002059	9170	B	2023
549	1704002063	9170	C	2023
550	1704002066	9170	C	2023
551	1704002068	9170	C	2023
552	1704002070	9170	B	2023
556	1704002089	9170	C	2023
558	1704002097	9170	C	2023
559	1704002099	9170	C	2023
560	1704002105	9170	C	2023
561	1704002111	9170	B	2023
562	1704002113	9170	C	2023
563	1704002120	9170	A	2023
565	1704002124	9170	C	2023
564	1704002128	9170	C	2023
567	1704002132	9170	B	2023
568	1704002137	9170	B	2023
569	1704002141	9170	C	2023
571	1704002143	9170	B	2023
572	1704002145	9170	C	2023
1428	1704002147	9170	B	2023
574	1704002151	9170	C	2023
575	1704002160	9170	C	2023
1204	1704002162	9170	C	2023
1213	1704002164	9170	C	2023
576	1704002168	9170	C	2023
579	1704002192	91D0	C	2023
580	1704002201	9170	C	2023
581	1704002205	91D0	C	2023
583	1704002210	9170	C	2023
584	1704002214	9170	B	2023
586	1704002223	9170	C	2023
589	1704002234	9170	C	2023
1354	1704002236	9170	C	2023
591	1704002238	9170	C	2023
1448	1704002243	9170	A	2023
593	1704002245	9170	C	2023
595	1704002247	9170	C	2023
1449	1704002249	9170	C	2023
596	1704002251	9170	C	2023
597	1704002253	9170	B	2023
601	1704002258	9170	B	2023
602	1704002260	9170	C	2023
606	1704002274	9170	C	2023
607	1704002280	9170	B	2023
326	1704002283	9170	C	2023
327	1704002285	9170	C	2023
328	1704002291	9170	C	2023
329	1704002293	9170	C	2023
330	1704002295	9170	B	2023
331	1704002302	9170	B	2023
332	1704002306	9170	B	2023
333	1704002308	9170	C	2023
381	1704002310	9170	B	2023
1330	1704002312	9170	C	2023
335	1704002314	9170	B	2023
336	1704002316	9170	C	2023
1331	1704002319	9170	C	2023
338	1704002323	9170	C	2023
339	1704002329	9170	B	2023
1332	1704002342	9170	C	2023
343	1704002348	9170	B	2023
344	1704002355	9170	C	2023
345	1704002357	9170	C	2023
346	1704002359	9170	C	2023
347	1704002361	9170	B	2023
348	1704002366	9170	B	2023
349	1704002368	9170	C	2023
350	1704002370	9170	C	2023
351	1704002372	9170	B	2023
352	1704002374	9170	B	2023
353	1704002383	9170	C	2023
354	1704002385	9170	C	2023
355	1704002389	9170	B	2023
356	1704002398	9170	C	2023
357	1704002402	9170	C	2023
1438	1704002404	9170	C	2023
359	1704002406	9170	C	2023
360	1704002410	9170	C	2023
361	1704002412	9170	C	2023
1439	1704002414	9170	C	2023
363	1704002416	9170	C	2023
364	1704002418	9170	C	2023
365	1704002420	9170	C	2023
366	1704002422	9170	C	2023
367	1704002424	9170	A	2023
369	1704002428	9170	C	2023
371	1704002430	9170	C	2023
372	1704002432	91E0	C	2023
1333	1704002439	9170	C	2023
375	1704002441	9170	B	2023
1274	1704002445	9170	C	2023
377	1704002447	9170	C	2023
378	1704002451	9170	C	2023
456	1704002466	9170	C	2023
382	1704002470	9170	C	2023
1334	1704002472	9170	C	2023
442	1704002485	9170	C	2023
443	1704002487	9170	C	2023
444	1704002513	9170	B	2023
491	1704002525	9170	B	2023
446	1704002533	9170	C	2023
447	1704002536	9170	C	2023
448	1704002538	9170	B	2023
449	1704002542	9170	C	2023
1442	1704002546	9170	C	2023
451	1704002550	9170	B	2023
452	1704002563	9170	C	2023
453	1704002565	9170	C	2023
454	1704002567	9170	A	2023
455	1704002582	9170	B	2023
458	1704002584	9170	C	2023
459	1704002608	9170	C	2023
460	1704002616	91D0	C	2023
461	1704002619	9170	C	2023
462	1704002632	9190	C	2023
463	1704002638	9190	C	2023
514	1704002645	9170	C	2023
515	1704002647	9170	C	2023
518	1704002651	9170	C	2023
516	1704002653	9170	C	2023
520	1704002655	9170	C	2023
523	1704002660	9170	C	2023
524	1704002662	9170	C	2023
1444	1704002664	9170	C	2023
526	1704002666	9170	C	2023
527	1704002668	9170	C	2023
529	1704002679	9170	C	2023
384	1704002705	9170	C	2023
387	1704002712	9170	C	2023
388	1704002715	9170	C	2023
389	1704002717	9170	C	2023
393	1704002732	9170	B	2023
397	1704002752	9170	C	2023
398	1704002759	9170	C	2023
399	1704002763	9170	C	2023
400	1704002766	9170	C	2023
401	1704002770	9170	C	2023
402	1704002775	9170	C	2023
403	1704002779	91E0	C	2023
406	1704002803	9170	C	2023
413	1704002820	9170	C	2023
414	1704002822	9170	C	2023
415	1704002844	9170	C	2023
1275	1704002846	91D0	C	2023
416	1704002848	9170	C	2023
457	1704002850	9170	C	2023
417	1704002852	9170	C	2023
418	1704002857	9170	C	2023
494	1704002861	9170	C	2023
493	1704002863	9170	C	2023
490	1704002865	9170	B	2023
1219	1704002869	9170	B	2023
495	1704002876	9170	C	2023
1440	1704002880	9170	C	2023
420	1704002884	9170	C	2023
1335	1704002886	9170	C	2023
422	1704002888	9170	C	2023
424	1704002893	91E0	B	2023
425	1704002895	9170	C	2023
1221	1704002906	9170	C	2023
430	1704002909	9170	C	2023
431	1704002911	9170	C	2023
432	1704002913	9170	C	2023
1336	1704002915	9170	C	2023
434	1704002918	9170	C	2023
435	1704002920	9170	C	2023
1441	1704002922	9170	C	2023
1337	1704002924	9170	B	2023
438	1704002929	9170	C	2023
439	1704002937	9170	C	2023
1426	1704002970	9170	A	2023
465	1704002972	9170	C	2023
466	1704002975	9170	C	2023
1432	1704002977	9170	C	2023
468	1704002979	9170	C	2023
469	1704002981	9170	B	2023
1427	1704002983	9170	B	2023
471	1704002985	9170	C	2023
474	1704003041	9170	C	2023
475	1704003043	9170	C	2023
476	1704003045	9170	B	2023
1338	1704003058	9170	C	2023
478	1704003060	9170	B	2023
1227	1704003064	9170	C	2023
480	1704003067	9170	B	2023
481	1704003069	9170	B	2023
482	1704003071	9170	C	2023
483	1704003073	9170	C	2023
484	1704003075	9170	C	2023
1339	1704003077	9170	C	2023
486	1704003079	9170	C	2023
487	1704003081	9170	C	2023
488	1704003083	9170	C	2023
489	1704003085	9170	B	2023
496	1704003096	9170	C	2023
497	1704003098	9170	C	2023
498	1704003100	9170	C	2023
499	1704003104	9170	C	2023
501	1704003108	9170	B	2023
502	1704003112	9170	B	2023
504	1704003147	9170	C	2023
1443	1704003151	9170	C	2023
507	1704003166	9170	C	2023
1278	1704003168	9170	B	2023
509	1704003170	9170	B	2023
511	1704003172	9170	C	2023
510	1704003174	9170	C	2023
512	1704003176	9170	C	2023
513	1704003180	9170	C	2023
1203	1704003182	9170	B	2023
1429	1704003185	9170	B	2023
610	1704003187	9170	C	2023
611	1704003190	9170	C	2023
612	1704003192	9170	C	2023
613	1704003194	9170	C	2023
615	1704003198	9170	C	2023
616	1704003200	9170	C	2023
1430	1704003204	9170	C	2023
618	1704003209	9170	C	2023
619	1704003215	91D0	C	2023
620	1704003217	9170	C	2023
621	1704003223	9170	C	2023
622	1704003236	9170	B	2023
623	1704003238	9170	C	2023
624	1704003240	9170	C	2023
625	1704003242	9170	C	2023
626	1704003251	91D0	C	2023
628	1704003270	9170	C	2023
629	1704003274	9170	C	2023
684	1704003279	9170	B	2023
630	1704003281	9170	C	2023
631	1704003289	9170	C	2023
685	1704003294	9170	B	2023
635	1704003302	9170	C	2023
636	1704003308	9170	B	2023
637	1704003311	9170	C	2023
638	1704003313	9170	C	2023
639	1704003315	9170	C	2023
640	1704003319	9170	C	2023
641	1704003321	9170	C	2023
642	1704003323	9170	C	2023
643	1704003331	9170	C	2023
644	1704003336	9170	C	2023
645	1704003342	9170	B	2023
646	1704003351	9170	C	2023
756	1704003353	9170	C	2023
647	1704003355	9170	C	2023
649	1704003377	9170	B	2023
650	1704003379	9170	C	2023
651	1704003381	9170	C	2023
652	1704003392	9170	C	2023
717	1704003432	91T0	C	2023
655	1704003627	91F0	C	2023
654	1704003629	91F0	C	2023
653	1704003631	91F0	C	2023
1450	1704003635	91F0	C	2023
658	1704003637	91F0	C	2023
1451	1704003639	91F0	C	2023
659	1704003641	91F0	C	2023
660	1704003644	91F0	C	2023
661	1704003646	91F0	B	2023
662	1704003652	91F0	B	2023
663	1704003654	91F0	C	2023
664	1704003662	91F0	B	2023
665	1704003816	91F0	C	2023
666	1704003818	91F0	C	2023
670	1704003835	91F0	C	2023
668	1704003837	9170	C	2023
671	1704003844	9170	C	2023
673	1704003974	91F0	C	2023
674	1704003976	91F0	A	2023
675	1704003980	91F0	B	2023
676	1704003985	91F0	B	2023
677	1704004000	91F0	A	2023
678	1704004004	91F0	C	2023
680	1704004258	91E0	B	2023
1452	1704004339	9170	C	2023
683	1704004349	91E0	B	2023
1453	1704004351	9170	C	2023
714	1704004364	9170	C	2023
713	1704004373	9170	C	2023
686	1704004377	91E0	C	2023
1455	1704004379	9170	C	2023
688	1704004393	9170	C	2023
718	1704004479	9190	C	2023
691	1704004509	91E0	C	2023
692	1704004511	91E0	C	2023
694	1704004571	9170	B	2023
1315	1704004594	91E0	A	2023
1316	1704004601	9170	C	2023
1311	1704004625	91D0	B	2023
707	1704004630	91D0	C	2023
709	1704004650	91D0	C	2023
710	1704004659	91E0	C	2023
711	1704004687	9190	C	2023
719	1704004697	9170	C	2023
720	1704004699	9170	C	2023
712	1704004703	9170	B	2023
721	1704004706	9190	C	2023
722	1704004718	9190	C	2023
726	1704004742	9170	C	2023
727	1704004744	9170	C	2023
729	1704004762	91D0	C	2023
730	1704004774	91D0	C	2023
731	1704004783	9170	C	2023
1457	1704004916	91F0	C	2023
735	1704004937	9170	C	2023
737	1704004948	9170	C	2023
739	1704004950	9170	C	2023
740	1704004969	91D0	C	2023
741	1704005052	9170	C	2023
742	1704005054	9170	B	2023
743	1704005056	9170	C	2023
744	1704005059	9170	B	2023
745	1704005061	9170	C	2023
748	1704005070	9170	B	2023
749	1704005072	9170	C	2023
751	1704005078	9170	B	2023
754	1704005085	9170	C	2023
760	1704005087	9170	C	2023
755	1704005089	9170	C	2023
762	1704005091	9170	C	2023
763	1704005114	9170	B	2023
766	1704005124	9170	B	2023
764	1704005126	9170	B	2023
768	1704005133	9170	C	2023
769	1704005140	9170	C	2023
770	1704005165	9170	C	2023
771	1704005167	9170	C	2023
1349	1704005172	9170	C	2023
773	1704005174	9170	C	2023
836	1704005176	9170	C	2023
774	1704005178	9170	C	2023
775	1704005180	9170	C	2023
776	1704005189	9170	C	2023
780	1704005197	9170	B	2023
781	1704005199	9170	C	2023
782	1704005204	9170	C	2023
783	1704005210	9170	C	2023
784	1704005212	9170	C	2023
785	1704005214	9170	C	2023
786	1704005216	9170	C	2023
787	1704005232	9170	C	2023
788	1704005234	9170	C	2023
790	1704005238	9170	C	2023
791	1704005245	9170	B	2023
792	1704005253	9170	C	2023
1285	1704005269	9170	C	2023
798	1704005289	9170	C	2023
801	1704005301	9170	C	2023
802	1704005306	9170	C	2023
803	1704005314	9170	B	2023
829	1704005330	91E0	B	2023
1461	1704005365	91D0	C	2023
805	1704005393	9170	C	2023
806	1704005518	9170	C	2023
807	1704005637	9170	C	2023
809	1704005652	9170	C	2023
810	1704005671	9170	C	2023
812	1704005729	91D0	C	2023
813	1704005731	91D0	C	2023
814	1704005733	91D0	C	2023
816	1704005785	91E0	C	2023
819	1704005804	91E0	C	2023
820	1704005806	91E0	A	2023
821	1704005838	91E0	A	2023
822	1704005842	91E0	C	2023
823	1704005846	91E0	C	2023
824	1704005848	91E0	C	2023
825	1704005850	91E0	C	2023
826	1704005865	91E0	C	2023
830	1704005885	9170	C	2023
831	1704005887	9170	C	2023
840	1704005890	9170	C	2023
842	1704005896	9170	C	2023
844	1704005898	9170	C	2023
846	1704005900	9170	C	2023
848	1704005902	9170	C	2023
855	1704005906	9170	C	2023
849	1704005910	9170	C	2023
853	1704005914	9170	C	2023
854	1704005916	9170	C	2023
847	1704005922	9170	C	2023
845	1704005944	9170	C	2023
895	1704005974	9170	C	2023
924	1704005990	9170	C	2023
1228	1704006068	9190	C	2023
857	1704006105	9170	B	2023
858	1704006109	9170	C	2023
859	1704006111	9170	C	2023
860	1704006116	9170	C	2023
861	1704006118	9170	B	2023
863	1704006123	9170	C	2023
1465	1704006133	9170	C	2023
1464	1704006137	9170	C	2023
1466	1704006157	9170	B	2023
867	1704006159	9170	C	2023
868	1704006161	9170	B	2023
869	1704006165	9170	C	2023
870	1704006168	9170	C	2023
871	1704006170	9170	B	2023
872	1704006173	9170	B	2023
873	1704006179	9170	B	2023
874	1704006182	9170	C	2023
875	1704006188	9170	C	2023
876	1704006195	9170	C	2023
877	1704006199	9170	C	2023
878	1704006201	9170	B	2023
879	1704006204	9170	B	2023
880	1704006206	9170	C	2023
881	1704006208	9170	B	2023
882	1704006210	9170	C	2023
883	1704006212	9170	C	2023
884	1704006215	9170	B	2023
885	1704006217	9170	C	2023
886	1704006219	9170	B	2023
887	1704006224	9170	C	2023
888	1704006226	9170	C	2023
889	1704006228	9170	C	2023
890	1704006230	9170	B	2023
891	1704006247	9170	C	2023
893	1704006305	91D0	C	2023
899	1704006389	9170	C	2023
900	1704006391	9170	C	2023
901	1704006393	9170	C	2023
908	1704006421	9170	C	2023
1202	1704006421	9190	C	2023
913	1704006424	9170	C	2023
909	1704006437	91E0	C	2023
910	1704006471	91E0	C	2023
1468	1704006482	9170	C	2023
1287	1704006484	91D0	C	2023
1469	1704006488	9170	C	2023
916	1704006494	9170	B	2023
917	1704006496	91E0	B	2023
920	1704006524	91D0	C	2023
921	1704006529	91D0	C	2023
1289	1704006541	91D0	C	2023
923	1704006572	9170	C	2023
926	1704006598	9170	C	2023
927	1704006602	91D0	C	2023
928	1704006607	91D0	C	2023
929	1704006611	91D0	C	2023
930	1704006613	91D0	C	2023
948	1704006623	91D0	C	2023
932	1704006633	91D0	C	2023
1290	1704006646	91D0	C	2023
1470	1704006658	9170	C	2023
935	1704006660	91E0	C	2023
936	1704006724	7140	C	2023
991	1704006792	9170	C	2023
992	1704006802	9170	C	2023
1291	1704006822	9170	C	2023
994	1704006830	9170	C	2023
995	1704006832	9170	C	2023
996	1704006834	9170	B	2023
997	1704006845	9170	C	2023
998	1704006849	9170	C	2023
999	1704006867	91F0	C	2023
1003	1704006957	9170	C	2023
1004	1704006961	9170	C	2023
1007	1704006980	91E0	C	2023
1008	1704006984	91E0	C	2023
1005	1704006998	9170	C	2023
1006	1704007002	9170	C	2023
1009	1704007015	91E0	A	2023
1011	1704007021	9170	B	2023
1013	1704007027	9170	B	2023
1014	1704007029	9170	C	2023
1015	1704007032	9170	B	2023
1016	1704007038	9170	C	2023
1017	1704007046	9170	B	2023
1222	1704007050	9170	B	2023
1019	1704007052	9170	B	2023
1021	1704007057	91E0	C	2023
1024	1704007061	91E0	C	2023
1025	1704007063	9170	C	2023
1350	1704007066	9170	C	2023
1027	1704007070	9190	C	2023
1030	1704007077	9170	C	2023
1031	1704007085	9170	C	2023
1475	1704007087	9170	C	2023
1033	1704007092	9170	B	2023
1034	1704007094	91E0	C	2023
1035	1704007096	91E0	C	2023
1036	1704007099	91E0	C	2023
1040	1704007107	9170	C	2023
1064	1704007112	9170	C	2023
1041	1704007114	9170	B	2023
1476	1704007116	9170	C	2023
1043	1704007121	9170	B	2023
1044	1704007123	9170	C	2023
1045	1704007125	9170	B	2023
1046	1704007168	9170	C	2023
1047	1704007170	9170	C	2023
1048	1704007172	9170	C	2023
1049	1704007178	9170	C	2023
1050	1704007181	9170	C	2023
1051	1704007183	9170	B	2023
1052	1704007187	9170	C	2023
1053	1704007189	9170	C	2023
1477	1704007193	9170	C	2023
1055	1704007195	9170	C	2023
939	1704007208	91E0	A	2023
1471	1704007219	9170	C	2023
944	1704007224	91E0	C	2023
945	1704007226	91E0	C	2023
946	1704007228	91E0	A	2023
1472	1704007230	9170	C	2023
1473	1704007232	9170	C	2023
952	1704007234	9170	C	2023
953	1704007239	9170	C	2023
955	1704007280	9170	B	2023
956	1704007294	9170	B	2023
959	1704007315	91E0	C	2023
960	1704007317	91E0	C	2023
964	1704007322	91E0	C	2023
1474	1704007328	91E0	C	2023
966	1704007330	9170	C	2023
967	1704007333	9170	B	2023
968	1704007335	9170	B	2023
969	1704007339	9170	C	2023
970	1704007341	9170	C	2023
971	1704007343	9170	C	2023
972	1704007345	9170	C	2023
973	1704007347	91E0	C	2023
978	1704007363	9170	C	2023
981	1704007365	9170	B	2023
980	1704007367	9170	C	2023
982	1704007370	9170	B	2023
983	1704007374	9170	B	2023
984	1704007395	91E0	B	2023
985	1704007397	91E0	B	2023
986	1704007399	91E0	B	2023
987	1704007401	91E0	B	2023
988	1704007403	91E0	B	2023
990	1704007478	91E0	C	2023
1056	1704007716	91E0	B	2023
1059	1704007896	91E0	B	2023
1292	1704007981	91T0	C	2023
1293	1704008120	91T0	B	2023
1067	1704008303	91E0	C	2023
1113	1704008492	9170	C	2023
1114	1704008508	9170	C	2023
1115	1704008510	9170	C	2023
1116	1704008576	9170	C	2023
1117	1704008586	9170	C	2023
1482	1704008591	9170	C	2023
1123	1704008607	9170	C	2023
1129	1704008614	9170	C	2023
1137	1704008640	9170	C	2023
1138	1704008646	9170	C	2023
1139	1704008695	9170	C	2023
1140	1704008697	9170	C	2023
1141	1704008699	9170	C	2023
1154	1704008725	9170	C	2023
1208	1704008729	9170	C	2023
1229	1704008846	9170	C	2023
1072	1704008854	9170	C	2023
1073	1704008861	9170	C	2023
1074	1704008870	9170	B	2023
1075	1704008872	9170	C	2023
1478	1704008874	9170	C	2023
1295	1704008876	9170	B	2023
1078	1704008878	9170	C	2023
1079	1704008882	9170	B	2023
1080	1704008889	9170	B	2023
1082	1704008893	9170	B	2023
1479	1704008898	9190	C	2023
1088	1704008913	9170	C	2023
1089	1704008921	9170	B	2023
1090	1704008923	9170	C	2023
1091	1704008927	9170	C	2023
1296	1704008929	9170	B	2023
1093	1704008931	9170	C	2023
1297	1704009014	91D0	C	2023
1095	1704009016	91D0	C	2023
1096	1704009046	9170	C	2023
1097	1704009051	91E0	C	2023
1099	1704009084	9170	C	2023
1100	1704009087	9170	C	2023
1101	1704009095	9170	C	2023
1102	1704009101	9170	C	2023
1103	1704009206	9170	C	2023
1108	1704009210	9170	C	2023
1105	1704009212	9170	C	2023
1106	1704009216	9170	C	2023
1107	1704009218	9170	C	2023
1481	1704009229	9170	C	2023
1111	1704009231	9170	C	2023
1112	1704009244	9170	C	2023
1164	1704009391	9170	C	2023
1165	1704009395	9170	C	2023
1169	1704009508	9170	C	2023
1170	1704009585	9170	C	2023
1171	1704009596	9170	B	2023
1172	1704009598	9170	C	2023
1173	1704009602	9170	C	2023
1174	1704009606	9170	C	2023
1175	1704009610	9170	C	2023
1176	1704009613	9170	C	2023
1177	1704009621	9170	C	2023
1178	1704009720	9170	C	2023
1179	1704009728	9170	C	2023
1490	1704009838	9170	C	2023
1180	1704009963	9170	C	2023
1181	1704009965	9170	C	2023
1182	1704009971	9170	C	2023
1183	1704009973	9170	C	2023
1193	1704010063	9170	C	2023
1491	1704010067	9170	C	2023
1230	1704010069	91E0	A	2023
1195	1704010071	91E0	C	2023
1197	1704010075	91E0	C	2023
1198	1704010100	91E0	C	2023
1187	1704010114	9170	C	2023
1298	1704010116	9170	B	2023
1189	1704010123	9170	C	2023
1199	1704010151	91F0	C	2023
320	1704010798	7140	C	2023
294	1704010856	6510	C	2023
1310	1704011826	3160	C	2023
732	1704011886	6120	C	2023
1284	1704011912	91D0	C	2023
757	1704011914	3160	C	2023
925	1704012462	91D0	C	2023
931	1704012466	7140	C	2023
1148	1704014957	9170	C	2023
940	1704014978	9170	C	2023
736	1704014994	91F0	C	2023
1458	1704014995	91F0	C	2023
1126	1704015055	9170	C	2023
1132	1704015057	9170	C	2023
161	1704015110	9170	C	2023
198	1704015116	91F0	B	2023
703	1704015135	91E0	C	2023
1486	1704015165	9170	C	2023
166	1704015202	9170	C	2023
237	1704015220	9170	C	2023
1201	1704015220	91E0	C	2023
536	1704015222	9170	B	2023
1351	1704015230	9170	C	2023
747	1704015231	9170	C	2023
155	1704015270	9170	B	2023
197	1704015275	91F0	C	2023
1445	1704015313	9170	C	2023
519	1704015337	9170	C	2023
517	1704015338	9170	B	2023
405	1704015353	91E0	C	2023
1463	1704015464	9190	B	2023
903	1704015516	9170	C	2023
1456	1704015538	9170	C	2023
178	1704015565	9170	C	2023
177	1704015566	9170	C	2023
943	1704015567	91E0	A	2023
941	1704015568	91E0	C	2023
974	1704015570	91E0	C	2023
1133	1704015586	9170	C	2023
1317	1704015833	91E0	A	2023
705	1704015835	91D0	C	2023
728	1704015843	91E0	B	2023
778	1704015857	9170	C	2023
794	1704015859	9170	C	2023
796	1704015860	9170	C	2023
797	1704015861	9170	C	2023
672	1704015887	9170	C	2023
500	1704015919	9170	B	2023
627	1704015920	9170	C	2023
396	1704015922	9170	C	2023
441	1704015928	9170	C	2023
412	1704015934	9170	C	2023
404	1704015936	9170	C	2023
1286	1704015939	91T0	C	2023
808	1704015942	9170	C	2023
1462	1704015958	9190	C	2023
835	1704015960	9190	C	2023
838	1704015961	9170	C	2023
896	1704015971	91E0	B	2023
1205	1704015997	9170	C	2023
1000	1704015998	9170	C	2023
1001	1704015999	9170	B	2023
1028	1704016006	9170	C	2023
1029	1704016007	9170	B	2023
1038	1704016008	91E0	C	2023
1037	1704016009	91E0	C	2023
1054	1704016014	9170	C	2023
1062	1704016027	91F0	B	2023
1063	1704016030	91F0	B	2023
1068	1704016054	9170	C	2023
1118	1704016065	9170	C	2023
1483	1704016066	9170	C	2023
1122	1704016067	9170	C	2023
1120	1704016069	9170	C	2023
1127	1704016072	9170	C	2023
1136	1704016074	9170	C	2023
1485	1704016079	9170	C	2023
1143	1704016081	9170	C	2023
1081	1704016097	9170	B	2023
1480	1704016098	9170	C	2023
1086	1704016101	9170	C	2023
1104	1704016131	9170	C	2023
1186	1704016188	9170	B	2023
1185	1704016189	9170	B	2023
949	1704016273	91D0	C	2023
977	1704016283	91E0	C	2023
979	1704016284	91E0	C	2023
426	1704016291	9170	C	2023
423	1704016292	9170	C	2023
837	1704016379	9170	C	2023
902	1704016383	91E0	C	2023
600	1704016384	9170	C	2023
313	1704016385	91E0	C	2023
1020	1704016393	9170	A	2023
704	1704016406	91E0	C	2023
1023	1704016409	91E0	A	2023
1150	1704016418	9170	C	2023
1156	1704016420	9170	C	2023
724	1704016429	91E0	B	2023
723	1704016430	91E0	C	2023
789	1704016486	9170	C	2023
1447	1704016547	9170	C	2023
587	1704016551	9170	A	2023
799	1704016560	9170	B	2023
12	1704016576	9170	C	2023
16	1704016578	9170	C	2023
1493	1704016579	9170	C	2023
19	1704016580	9170	C	2023
22	1704016582	9170	C	2023
75	1704016591	9170	C	2023
64	1704016592	9170	C	2023
84	1704016594	9170	C	2023
87	1704016596	9170	B	2023
89	1704016597	9170	C	2023
102	1704016605	9170	C	2023
105	1704016609	9170	C	2023
108	1704016612	9170	B	2023
109	1704016613	9170	C	2023
110	1704016614	9170	B	2023
121	1704016616	9170	B	2023
125	1704016617	9170	C	2023
128	1704016618	9170	C	2023
150	1704016624	9170	C	2023
142	1704016627	9170	B	2023
275	1704016633	9170	C	2023
278	1704016634	9170	C	2023
291	1704016642	9170	C	2023
315	1704016648	91E0	B	2023
154	1704016657	9170	C	2023
164	1704016661	9170	C	2023
165	1704016662	9170	C	2023
235	1704016679	9170	B	2023
232	1704016680	9170	C	2023
236	1704016681	9170	C	2023
243	1704016682	91E0	C	2023
163	1704016685	9170	B	2023
535	1704016688	9170	B	2023
532	1704016689	91D0	C	2023
539	1704016694	9170	C	2023
540	1704016697	9170	B	2023
555	1704016700	9170	C	2023
570	1704016702	9170	C	2023
554	1704016703	9170	C	2023
557	1704016705	9170	C	2023
566	1704016707	9170	A	2023
609	1704016709	9170	C	2023
577	1704016713	9170	B	2023
578	1704016714	9170	C	2023
598	1704016715	9170	C	2023
603	1704016716	9170	C	2023
342	1704016721	9170	C	2023
368	1704016723	9170	C	2023
370	1704016724	9170	C	2023
373	1704016725	9170	C	2023
379	1704016726	9170	C	2023
528	1704016735	9170	C	2023
695	1704016742	91E0	B	2023
696	1704016743	91E0	C	2023
1467	1704016751	9170	C	2023
1200	1704016791	91T0	A	2023
410	1704016795	9170	C	2023
409	1704016796	9170	C	2023
407	1704016839	9170	C	2023
408	1704016840	9170	C	2023
246	1704016853	91E0	B	2023
1022	1704016871	91E0	C	2023
258	1704017003	91E0	C	2023
216	1704017008	9170	C	2023
217	1704017009	9170	C	2023
289	1704017018	9170	C	2023
1484	1704017035	9170	C	2023
192	1704017133	9170	C	2023
160	1704017136	9170	C	2023
963	1704017385	91E0	C	2023
962	1704017386	91E0	C	2023
733	1704017402	9170	C	2023
961	1704017423	91E0	C	2023
1057	1704017435	91E0	A	2023
1058	1704017436	91E0	C	2023
1357	1704017502	9170	C	2023
1144	1704017503	9170	C	2023
181	1704017504	9170	C	2023
180	1704017505	9170	C	2023
1135	1704017556	9170	C	2023
1134	1704017557	9170	C	2023
90	1704017560	9170	C	2023
32	1704017608	9170	C	2023
92	1704017610	9170	B	2023
94	1704017612	9170	B	2023
1267	1704017618	9170	B	2023
1434	1704017622	9170	C	2023
57	1704017626	9170	C	2023
80	1704017634	9170	C	2023
81	1704017636	9170	C	2023
77	1704017640	9170	B	2023
78	1704017644	9170	C	2023
79	1704017646	9170	C	2023
98	1704017648	9170	B	2023
72	1704017658	9170	C	2023
73	1704017662	9170	C	2023
31	1704017666	9170	C	2023
28	1704017672	91E0	C	2023
689	1704017682	9190	C	2023
690	1704017683	9190	C	2023
220	1704017685	9170	B	2023
227	1704017687	9170	B	2023
230	1704017689	9170	B	2023
231	1704017693	9170	C	2023
1125	1704017708	9170	C	2023
1124	1704017709	9170	C	2023
1288	1704017730	91D0	C	2023
976	1704017752	91E0	B	2023
975	1704017753	91E0	C	2023
1277	1704017774	9170	C	2023
195	1704017792	9170	C	2023
193	1704017793	9170	C	2023
533	1704017827	9170	B	2023
1212	1704017828	9170	B	2023
505	1704017830	9170	C	2023
1131	1704017849	9170	C	2023
1130	1704017850	9170	C	2023
1488	1704017914	9170	C	2023
1489	1704017916	9170	C	2023
522	1704017947	9170	B	2023
521	1704017948	9170	B	2023
1190	1704017957	9170	C	2023
1314	1704017989	9170	C	2023
1312	1704017990	9170	C	2023
1313	1704017996	91E0	C	2023
1282	1704018002	91E0	A	2023
386	1704018042	9170	C	2023
395	1704018049	9170	B	2023
268	1704018071	9170	C	2023
1159	1704018077	9170	C	2023
1098	1704018079	9170	C	2023
1191	1704018084	9170	C	2023
1192	1704018085	9170	C	2023
938	1704018250	9170	C	2023
919	1704018254	91E0	C	2023
918	1704018255	91E0	B	2023
989	1704018269	9170	C	2023
954	1704018283	9170	C	2023
843	1704018292	9170	C	2023
894	1704018304	9170	C	2023
817	1704018307	91E0	C	2023
828	1704018308	9170	B	2023
841	1704018331	9170	C	2023
851	1704018332	9170	C	2023
852	1704018346	9170	C	2023
850	1704018351	9170	C	2023
937	1704018383	9170	C	2023
856	1704018384	9170	C	2023
915	1704018394	91E0	B	2023
907	1704018397	9170	C	2023
905	1704018398	9170	C	2023
892	1704018402	9170	C	2023
904	1704018403	9170	C	2023
958	1704018435	9170	B	2023
1012	1704018436	91E0	C	2023
1010	1704018437	91E0	C	2023
1002	1704018438	9170	A	2023
957	1704018446	91E0	C	2023
815	1704018448	91E0	C	2023
1039	1704018452	91E0	C	2023
827	1704018501	91E0	C	2023
834	1704018514	9190	C	2023
1431	1704018538	9170	C	2023
897	1704018540	9170	C	2023
898	1704018542	9170	B	2023
679	1704018823	4030	C	2023
1280	1704019042	9170	B	2023
1271	1704019193	9170	C	2023
1272	1704019195	9170	C	2023
295	1704019221	91E0	B	2023
300	1704019230	91E0	C	2023
299	1704019231	91E0	B	2023
309	1704019262	9170	B	2023
303	1704019268	9170	C	2023
304	1704019277	9170	B	2023
305	1704019278	9170	B	2023
191	1704019355	91E0	B	2023
173	1704019380	9170	C	2023
172	1704019381	9170	B	2023
240	1704019493	9170	B	2023
245	1704019497	91E0	C	2023
265	1704019507	9170	C	2023
266	1704019508	91F0	B	2023
270	1704019509	91E0	B	2023
269	1704019510	91E0	C	2023
233	1704019538	9170	C	2023
234	1704019539	9170	C	2023
213	1704019553	9170	C	2023
203	1704019572	91F0	C	2023
1294	1704019735	91T0	C	2023
753	1704020336	9170	C	2023
1459	1704020338	9170	C	2023
1460	1704020339	9170	C	2023
777	1704020364	9170	B	2023
800	1704020367	9170	C	2023
779	1704020374	9170	C	2023
795	1704020488	9170	C	2023
1454	1704020526	9170	C	2023
765	1704020606	9170	C	2023
1318	1704020762	91E0	C	2023
693	1704020816	91E0	C	2023
725	1704020916	91E0	B	2023
1084	1704021104	9170	C	2023
1085	1704021105	9170	C	2023
1109	1704021213	9170	C	2023
212	1704021236	9170	C	2023
58	1704021408	9170	C	2023
59	1704021410	9170	C	2023
107	1704021427	9170	C	2023
7	1704021543	9170	C	2023
9	1704021549	9170	B	2023
8	1704021550	9170	B	2023
86	1704021617	9170	C	2023
60	1704021630	9170	C	2023
20	1704021663	9170	C	2023
61	1704021667	9170	C	2023
96	1704021698	9170	C	2023
95	1704021701	9170	B	2023
116	1704021752	9170	C	2023
25	1704021825	9170	C	2023
385	1704021866	9170	C	2023
390	1704021874	9170	C	2023
391	1704021876	9170	C	2023
427	1704021966	9170	C	2023
428	1704021967	9170	C	2023
394	1704022164	9170	B	2023
392	1704022165	9170	C	2023
411	1704022193	9170	C	2023
1276	1704022205	91D0	C	2023
445	1704022303	9170	B	2023
605	1704022467	9170	C	2023
604	1704022470	9170	C	2023
599	1704022481	9170	C	2023
553	1704022536	9170	C	2023
1446	1704022547	9170	C	2023
585	1704022548	9170	C	2023
1487	1704022684	9170	C	2023
1369	1704022687	9170	C	2023
1146	1704022690	9170	C	2023
1209	1704022696	9170	C	2023
614	1704022700	9170	B	2023
632	1704022701	9170	B	2023
1352	1704022707	9170	B	2023
669	1704022709	91F0	A	2023
634	1704022711	9170	C	2023
767	1704022712	9170	B	2023
472	1704022724	9170	B	2023
473	1704022725	9170	B	2023
1147	1704022751	9170	C	2023
1152	1704022752	9170	C	2023
1151	1704022754	9170	C	2023
1184	1704022830	9170	C	2023
1065	1704022952	91F0	A	2023
1066	1704022954	91F0	C	2023
862	1704022967	9170	C	2023
1161	1704023013	9170	C	2023
1162	1704023014	9170	C	2023
1163	1704023015	9170	C	2023
1160	1704023016	9170	C	2023
1167	1704023020	9170	C	2023
1166	1704023022	9170	C	2023
818	1704023030	9170	C	2023
1168	1704023032	9170	C	2023
